             precision    recall  f1-score   support

          1       1.00      0.98      0.99        60
          2       0.86      0.83      0.84        69
          3       1.00      0.97      0.98        64
          4       0.83      0.94      0.88        64
          5       0.85      0.91      0.88        57
          6       0.86      1.00      0.92        54
          7       0.93      0.95      0.94        57
          8       1.00      1.00      1.00        65
          9       0.97      1.00      0.98        56
         10       0.98      0.96      0.97        53
         11       0.95      0.97      0.96        65
         12       1.00      0.94      0.97        63
         13       0.95      0.73      0.82        51
         14       0.78      0.96      0.86        51
         15       0.96      1.00      0.98        67
         16       0.87      0.75      0.80        52
         17       0.98      1.00      0.99        53
         18       0.99      0.96      0.97        74
         19       1.00      0.87      0.93        55
         20       0.88      0.88      0.88        48
         21       0.98      0.98      0.98        61
         22       0.92      0.90      0.91        67

avg / total       0.94      0.93      0.93      1306
